
r = 0.41700000000000015
R = 0.3499657592773439